dim 80 80 80
putellipsoid 40 19 40 5 70 13 0.1 0.1 0.1 0.9
cutellipsoid 40 18 40 10 70 11
cutbox 1 79 1 79 73 79
putbox 38 43 38 42 0 60 0.1 0.1 0.1 0.9
putbox 37 44 37 43 0 55 0.1 0.1 0.1 0.9
putbox 36 45 36 44 0 45 0.1 0.1 0.1 0.9
putbox 35 46 35 45 0 35 0.1 0.1 0.1 0.9
putbox 34 47 34 46 0 25 0.1 0.1 0.1 0.9
putbox 33 48 33 47 0 15 0.1 0.1 0.1 0.9
putbox 32 49 32 48 0 5 0.1 0.1 0.1 0.9
putellipsoid 40 15 40 5 70 8 0.9 0.5 0.1 0.9
putellipsoid 40 18 40 5 70 3 0.9 0.5 0.1 0.9
putellipsoid 40 12 40 5 70 7 0.9 0.9 0.1 0.9
putellipsoid 40 15 40 5 70 3 0.9 0.9 0.1 0.9
putellipsoid 40 3 40 5 70 7 0.1 0.1 0.1 0.9


